Tienda	Código de Artículo		Descripción		Precio		Fecha	Exsitencia Actual		Puede Surtir	Nro.de Dctos.  Puede Surtir	NO Surtir	Nro.de Dctos.  NO Surtir		Existencia Aereo		
006	1003053		ACEITE MULTIGRADO		617,24		13-09-2018	11,00		11,00	1	0,00	0				
006	1003242		0.44L FORMULA MARINA		188,79		06-09-2018	6,00		6,00	1	0,00	0				
006	1003243		0.44L LIMPIA MOTOR		158,62		06-09-2018	4,00		4,00	1	0,00	0				
006	1003244		0.44L CARBURADOR		219,83		06-09-2018	4,00		4,00	1	0,00	0				
006	1003245		0.42L VS 50 MECANICO		198,28		06-09-2018	5,00		5,00	1	0,00	0				
006	1003246		0.26L 4X4 LUBRICANTE		158,62		06-09-2018	6,00		6,00	1	0,00	0				
006	1003248		120CC 4X4 LUBRICANTE		85,11		06-09-2018	6,00		6,00	1	0,00	0				
006	1003276		500 CC FORMULA MAR		128,45		06-09-2018	6,00		6,00	1	0,00	0				
006	1003277		500 CC LIMPIA MOTOR		141,38		06-09-2018	6,00		6,00	1	0,00	0				
006	1003344		ACEITE SEMI 10W30		663,79		13-09-2018	22,00		22,00	1	0,00	0				
006	1003346		FILTRO ACEITE 51348		279,31		08-09-2018	13,00		13,00	2	0,00	0		12,00		
006	1003347		FILTRO ACEITE 59006		195,69		06-09-2018	12,00		12,00	1	0,00	0				
006	1003348		FILTRO ACEITE 951003		263,79		06-09-2018	6,00		6,00	1	0,00	0				
006	1003349		FILTRO ACEITE 51516		230,17		13-09-2018	9,00		9,00	1	0,00	0				
006	1003354		FILTRO ACEITE 51356		241,38		13-09-2018	1,00		1,00	1	0,00	0				
006	1003355		FILTRO ACEITE 51372		209,48		06-09-2018	10,00		10,00	1	0,00	0				
006	1003356		FILTRO ACEITE 951008		173,28		06-09-2018	5,00		5,00	1	0,00	0				
006	1003381		DIESEL CI-4 15W40		7.875,00		04-09-2018	1,00		1,00	1	0,00	0				
006	1003388		SUPREME 15/40 1LT		557,76		19-09-2018	96,00		96,00	1	0,00	0				
006	1003389		PLUS 20/50 1LT		569,83		19-09-2018	168,00		168,00	1	0,00	0				
006	1003390		PLUS 20/50 4LT		2.087,93		19-09-2018	8,00		8,00	1	0,00	0				
006	1003391		SUPREME 4LT		2.032,76		19-09-2018	8,00		8,00	1	0,00	0				
006	1006353		SET PAÑOS MICRO		584,82		22-08-2018	25,00		25,00	1	0,00	0				
006	1006373		LIMPIADOR RESIDUOS		40,16		30-06-2018	1,00		1,00	1	0,00	0				
006	1006374		ESPATULA CON PANO		75,11		03-07-2018	26,00		2,00	1	24,00	1		24,00		
006	1006585		1L EMULSION SILICONA		219,83		06-09-2018	6,00		6,00	1	0,00	0				
006	1006588		1L SHAMPOO AUTOS		166,38		06-09-2018	5,00		5,00	1	0,00	0				
006	1006593		0.44L LIMPIA CAUCHOS		231,03		06-09-2018	5,00		5,00	1	0,00	0				
006	1006594		0.44 NUTRIENTE CUERO		226,72		06-09-2018	6,00		6,00	1	0,00	0				
006	1006595		0.42L SILICON		207,76		06-09-2018	5,00		5,00	1	0,00	0				
006	1006596		0.44L LIMPIA TAPIZ		187,07		06-09-2018	4,00		4,00	1	0,00	0				
006	1006597		120CC NUTRE CUERO		179,31		06-09-2018	6,00		6,00	1	0,00	0				
006	1006598		120CC LIMPIA VIDRIOS		106,90		06-09-2018	6,00		6,00	1	0,00	0				
006	1006605		GUANTE PARA PULIR		71,03		03-07-2018	36,00		12,00	1	24,00	1		24,00		
006	1006607		CEPILLO PARA AUTOS		54,88		22-09-2018	12,00		0,00	0	12,00	1		12,00		
006	1006610		500 CC DESENGRASANTE		179,31		06-09-2018	6,00		6,00	1	0,00	0				
006	1006611		500 CC LIMPIA CAUCHO		261,21		06-09-2018	6,00		6,00	1	0,00	0				
006	1006612		500 CC LIMPIA VIDRIO		183,62		21-09-2018	6,00		6,00	1	0,00	0				
006	1006614		360 CC AROMA NATURAL		171,55		06-09-2018	6,00		6,00	1	0,00	0				
006	1006615		360 CC AROMA FRESH		188,79		06-09-2018	6,00		6,00	1	0,00	0				
006	1006616		360 CC AROMA LIMON		188,79		06-09-2018	6,00		6,00	1	0,00	0				
006	1006617		360 CC AROMA PINA		188,79		06-09-2018	6,00		6,00	1	0,00	0				
006	1006618		120 CC AROMA NATURAL		100,87		06-09-2018	6,00		6,00	1	0,00	0				
006	1006619		120 CC AROMA FRESH		112,93		06-09-2018	6,00		6,00	1	0,00	0				
006	1006620		120 CC AROMA LIMON		112,93		06-09-2018	6,00		6,00	1	0,00	0				
006	1006621		120 CC AROMA PINA		112,93		06-09-2018	6,00		6,00	1	0,00	0				
006	1006622		500 CC NUTRIENTE		187,07		06-09-2018	5,00		5,00	1	0,00	0				
006	1006674		LIMPIAPARABRISAS 18		509,82		22-08-2018	45,00		45,00	1	0,00	0		35,00		
006	1006675		LIMPIAPARABRISAS 19		509,82		22-08-2018	48,00		48,00	1	0,00	0		38,00		
006	1006676		LIMPIAPARABRISAS 20		509,82		22-08-2018	46,00		46,00	1	0,00	0		36,00		
006	1006680		CHAMPU CON CERA		202,59		06-09-2018	6,00		6,00	1	0,00	0				
006	1006681		NERO ABRILLNTADOR 1L		173,28		06-09-2018	6,00		6,00	1	0,00	0				
006	1006682		ABRILLANTADOR CAUCHO		177,59		06-09-2018	6,00		6,00	1	0,00	0				
006	1006683		LUSTRADOR DE RINES		146,55		06-09-2018	6,00		6,00	1	0,00	0				
006	1006684		CHAMPU CON CERA 440		155,17		06-09-2018	6,00		6,00	1	0,00	0				
006	1006685		ABRILLANTADOR 360		160,34		06-09-2018	6,00		6,00	1	0,00	0				
006	1006686		LUSTRADOR RINES		179,31		06-09-2018	6,00		6,00	1	0,00	0				
006	1006687		DESENGRASANTE CADENA		83,53		06-09-2018	6,00		6,00	1	0,00	0				
006	1006688		LIMPIA MOTOR		80,38		06-09-2018	6,00		6,00	1	0,00	0				
006	1006689		LIMPIA CARBURADOR		141,38		06-09-2018	6,00		6,00	1	0,00	0				
006	1006728		CUERO EXTRA GRANDE		472,32		14-09-2018	21,00		21,00	1	0,00	0				
006	1006730		LIMPIA PARABRISAS 22		509,82		22-08-2018	48,00		48,00	1	0,00	0		38,00		
006	1006732		LIMPIA PARABRISAS 24		509,82		22-08-2018	48,00		48,00	1	0,00	0		38,00		
006	1006748		LIMPIADOR DE VIDRIOS		139,66		13-09-2018	18,00		18,00	1	0,00	0				
006	1006755		ESPONJA GIGANTE		47,11		03-07-2018	49,00		13,00	1	36,00	1		36,00		
006	1006758		PROTECTOR DE VINIL		212,93		13-09-2018	12,00		12,00	1	0,00	0				
006	1006763		ESPONJA MICRO FIBRA		453,57		14-09-2018	24,00		24,00	1	0,00	0		12,00		
006	1009225		PROTECTOR BATE TOYO		1.701,72		08-09-2018	1,00		1,00	1	0,00	0				
006	1009230		LIMPIA PARABRISAS 12		276,79		22-08-2018	47,00		47,00	1	0,00	0		37,00		
006	1009231		LIMPIA PARABRISAS 14		276,79		22-08-2018	45,00		45,00	1	0,00	0		35,00		
006	1009232		LIMPIA PARABRISAS 16		276,79		22-08-2018	46,00		46,00	1	0,00	0		37,00		
006	1009233		LIMPIA PARABRISAS 17		276,79		22-08-2018	44,00		44,00	1	0,00	0		35,00		
006	1009234		LIMPIA PARABRISAS 19		276,79		22-08-2018	43,00		43,00	1	0,00	0		33,00		
006	1009235		LIMPIA PARABRISAS 24		276,79		22-08-2018	45,00		45,00	1	0,00	0		35,00		
006	1009236		LIMPIA PARABRISAS 16		457,14		22-08-2018	47,00		47,00	1	0,00	0		37,00		
006	1009237		LIMPIA PARABRISAS 18		457,14		22-08-2018	46,00		46,00	1	0,00	0		36,00		
006	1009238		LIMPIA PARABRISAS 20		457,14		22-08-2018	48,00		48,00	1	0,00	0		38,00		
006	1009239		LIMPIA PARABRISAS 22		457,14		22-08-2018	46,00		46,00	1	0,00	0		36,00		
006	1009240		LIMPIA PARABRISAS 14		457,14		22-08-2018	48,00		48,00	1	0,00	0		38,00		
006	1009242		LIMPIA PARABRISAS 18		457,14		22-08-2018	47,00		47,00	1	0,00	0		40,00		
006	1009244		LIMPIA PARABRISAS 20		457,14		22-08-2018	48,00		48,00	1	0,00	0		38,00		
006	1009245		LIMPIA PARABRISAS 21		457,14		22-08-2018	48,00		48,00	1	0,00	0		38,00		
006	1009246		LIMPIA PARABRISAS 24		457,14		22-08-2018	48,00		48,00	1	0,00	0		38,00		
006	1009248		LIMPIA PARABRISAS 12		509,82		22-08-2018	48,00		48,00	1	0,00	0		38,00		
006	1009249		LIMPIA PARABRISAS 14		509,82		22-08-2018	48,00		48,00	1	0,00	0		38,00		
006	1009250		LIMPIA PARABRISAS 17		509,82		22-08-2018	48,00		48,00	1	0,00	0		38,00		
006	1009251		TAPASOL BURBUJA JUMB		209,06		22-09-2018	100,00		0,00	0	100,00	1		100,00		
006	1009920		CEP LIMP 16"IND OPT		509,82		22-08-2018	48,00		48,00	1	0,00	0		38,00		
006	1011070		CUBRE MOTO M		923,06		03-07-2018	7,00		7,00	1	0,00	0				
006	1011154		ALFOMBRA PVC VARIAS		346,56		03-07-2018	1,00		1,00	1	0,00	0				
006	1011155		ALFOMBRA PVC 4 PZAS		393,81		03-07-2018	16,00		16,00	1	0,00	0				
006	1011156		ALFOMBRA PREMIER PVC		844,64		22-08-2018	62,00		62,00	1	0,00	0				
006	1011160		ALFOMBRA BANDEJA		1.860,71		24-08-2018	32,00		32,00	1	0,00	0				
006	1011163		COBERTOR 1,5 X 2 IMP		314,28		14-09-2018	6,00		6,00	1	0,00	0				
006	1011166		ESTERILLA BOLITA MAD		314,28		04-09-2018	35,00		35,00	1	0,00	0		12,00		
006	1011186		CUBRE ASIENTO PREMIE		945,53		14-09-2018	22,00		22,00	1	0,00	0		6,00		
006	1011187		ALFOMBRA LINE PVC		764,56		03-07-2018	15,00		15,00	1	0,00	0				
006	1011188		ALFOMBRA PLATINUM		1.038,06		03-07-2018	6,00		6,00	1	0,00	0				
006	1011902		COBERTOR VOLANTE		401,56		03-07-2018	21,00		21,00	1	0,00	0		2,00		
006	1011950		PROTECTOR CINTURON		89,08		07-07-2018	7,00		7,00	1	0,00	0				
006	1021010		CONO BARRICADA		2.402,68		22-08-2018	12,00		12,00	1	0,00	0				
006	1021041		TRIANGULO DE SEGURID		94,06		29-06-2018	13,00		1,00	1	12,00	1				
006	1024001		GATO BOTELLA  2 TON		2.159,82		22-08-2018	12,00		12,00	1	0,00	0				
006	1024006		GATO BOTELLA 4 TON		2.607,14		22-08-2018	11,00		11,00	1	0,00	0				
006	1024017		ZUNCHO GRANDE		100,31		07-07-2018	6,00		6,00	1	0,00	0				
006	1024025		LLAVE CRUZ PLEGABLE		2.010,72		14-09-2018	12,00		12,00	1	0,00	0				
006	1024032		GATO 6 TON		3.633,03		14-09-2018	12,00		12,00	1	0,00	0				
006	1024040		BOMBA MULTIUSO		542,86		04-09-2018	22,00		22,00	1	0,00	0				
006	1024041		BOMBA E INFLADOR		552,68		05-09-2018	23,00		23,00	1	0,00	0				
006	1024081		GATO BOTELLA 8 TON		4.373,22		14-09-2018	12,00		12,00	1	0,00	0				
006	1024082		GATO TIJERA		2.367,86		22-08-2018	10,00		10,00	1	0,00	0				
006	1024083		COMPRESOR DE AIRE		1.289,29		26-08-2018	9,00		9,00	1	0,00	0				
006	1024315		LLAVE DE CRUZ 20"		1.691,97		14-09-2018	7,00		7,00	1	0,00	0				
006	1024654		ASPIRAD 12V HERCULES		555,56		04-07-2018	2,00		2,00	1	0,00	0		2,00		
006	1027017		CABLE AUXILIAR 400A		2.514,28		14-09-2018	16,00		16,00	1	0,00	0				
006	1027030		LAMPARA P/TRABAJO		388,31		03-07-2018	29,00		5,00	1	24,00	1				
006	1027310		CABLE AUXILIAR500A		2.936,60		15-09-2018	14,00		14,00	1	0,00	0				
006	1207043		MACHETE LINIERO 20 N		532,31		16-08-2018	1,00		1,00	1	0,00	0				
006	1212007		16" TAPA PANAL		421,55		04-09-2018	20,00		20,00	1	0,00	0				
006	1212033		14" TAPA PANAL NEGRA		260,34		04-09-2018	12,00		12,00	1	0,00	0				
006	1212051		12" CAJA NEGRA		200,86		04-09-2018	16,00		16,00	1	0,00	0				
006	1212055		14" TAPA PANAL CAJA		708,93		22-08-2018	16,00		16,00	1	0,00	0				
006	1214035		19" TAPA PANAL		89,26		14-06-2018	1,00		1,00	1	0,00	0				
006	1214079		18,5" TAPA PANAL		1.417,86		22-08-2018	11,00		11,00	1	0,00	0				
006	1234021		8" AJUSTABLE NEGRO		1.252,68		28-08-2018	6,00		6,00	2	0,00	0				
006	1260006		1 1/4" 2,54 ESPÁTULA		28,98		11-07-2018	26,00		26,00	1	0,00	0		15,00		
006	1260007		2" 5,08 CM ESPÁTULA		32,93		11-07-2018	23,00		23,00	1	0,00	0		15,00		
006	1268019		SILICÓN 5/16"X 10 CM		44,98		21-06-2018	14,00		2,00	1	12,00	1		12,00		
006	1268021		SILICÓN 1/2X"30CM		249,06		21-06-2018	2,00		2,00	1	0,00	0				
006	1274055		HOJA SEGUETA 18 TH		139,66		13-09-2018	76,00		76,00	1	0,00	0		70,00		
006	1405102		PERIFERICA 1/2HP		7.768,97		05-09-2018	6,00		6,00	1	0,00	0				
006	1406009		20GL 1/2HP		104,56		20-02-2018	1,00		1,00	1	0,00	0		1,00		
006	1406065		HIDROCOMPACTO 1,5 GL		4.000,56		31-07-2018	1,00		1,00	1	0,00	0				
006	1406068		HIDRONEUMATICO 20 GL		10.873,06		01-08-2018	1,00		1,00	1	0,00	0				
006	1407040		LUSTRAPULIDORA 120W		1.970,56		13-06-2018	2,00		2,00	1	0,00	0				
006	1407041		LUSTRAPULIDORA 1300W		3.820,56		13-06-2018	2,00		2,00	1	0,00	0				
006	1409061		GENERADOR INVERTER		31.903,06		16-03-2020	2,00		2,00	1	0,00	0				
006	1411049		1800W 140BAR		6.368,06		13-06-2018	2,00		2,00	1	0,00	0				
006	1412060		COMPRESOR 2HP		6.578,06		13-06-2018	2,00		2,00	1	0,00	0				
006	1412061		COMPRESOR 2HP		8.173,06		13-06-2018	2,00		2,00	1	0,00	0				
006	1420093		E6013 3/32" (5KG)		5.462,93		06-09-2018	10,00		10,00	1	0,00	0				
006	1422081		INVERTER 5100W		5.518,06		13-06-2018	2,00		2,00	1	0,00	0				
006	1422082		INVERTER 6500W		6.468,06		13-06-2018	2,00		2,00	1	0,00	0				
006	1422083		SOLDAR 14000W		6.448,06		13-06-2018	2,00		2,00	1	0,00	0				
006	1422084		INVERTER 7000W		8.078,06		13-06-2018	2,00		2,00	1	0,00	0				
006	1422085		INVERTER 8300W		7.430,56		13-06-2018	2,00		2,00	1	0,00	0				
006	1423167		ATORNILLAD 3/8" 12V		2.685,56		13-06-2018	2,00		2,00	1	0,00	0				
006	1423174		ATORN INALAM 14.4V N		3.341,96		28-08-2018	1,00		1,00	1	0,00	0				
006	1424001		ROTACION 1 8"		62,56		17-07-2018	1,00		1,00	1	0,00	0				
006	1424011		ROTACION 9/16"		158,56		14-07-2018	3,00		3,00	1	0,00	0				
006	1424012		ROTACION 5/8"		189,81		14-07-2018	1,00		1,00	1	0,00	0				
006	1424209		CONCRETO 5/16" X 5"		32,81		19-07-2018	1,00		1,00	1	0,00	0				
006	1425107		PERCUTOR 3/8" - 500W		1.610,56		13-06-2018	2,00		2,00	1	0,00	0				
006	1425121		PERCUTOR 1/2  650W		1.755,56		13-06-2018	2,00		2,00	1	0,00	0				
006	1425122		PERCUTOR 1/2  1100W		2.933,06		13-06-2018	1,00		1,00	1	0,00	0				
006	1425123		TALADRO DE IMPACTO		7.107,76		15-09-2018	5,00		5,00	1	0,00	0				
006	1426001		MECHA ESPADA 1 4"		85,11		16-08-2018	10,00		10,00	1	0,00	0		6,00		
006	1426003		MECHA ESPADA 1 2"		97,31		14-07-2018	1,00		1,00	1	0,00	0				
006	1426004		MECHA ESPADA 5 8"		100,31		14-07-2018	1,00		1,00	1	0,00	0				
006	1426005		MECHA ESPADA 3/4"		103,31		14-07-2018	1,00		1,00	1	0,00	0				
006	1426006		MECHA ESPADA 7/8"		109,06		14-07-2018	1,00		1,00	1	0,00	0				
006	1426008		MECHA ESPADA 1-1/8"		141,06		01-08-2018	13,00		13,00	1	0,00	0		2,00		
006	1426017		MECHA CERAMICA 1 8"		104,56		14-07-2018	2,00		2,00	1	0,00	0				
006	1426018		MECHA CERAMICA 3 16"		107,56		14-07-2018	3,00		3,00	2	0,00	0				
006	1426022		MECHA CERAMICA 1 2"		21,86		21-06-2018	2,00		2,00	1	0,00	0				
006	1426034		MECHA ESPADA 1-1/2"		192,06		16-08-2018	12,00		12,00	1	0,00	0		8,00		
006	1427020		ACERO RAPIDO 19 64"		84,38		14-07-2018	1,00		1,00	1	0,00	0				
006	1427026		ACERO RAPIDO 13/32"		136,06		14-07-2018	1,00		1,00	1	0,00	0				
006	1427028		ACERO RAPIDO 15 32"		168,56		14-07-2018	2,00		2,00	1	0,00	0				
006	1427040		ACERO RAPIDO 1/8" L		167,31		14-07-2018	2,00		2,00	1	0,00	0				
006	1427062		TITANIO 9/32"		120,56		14-07-2018	2,00		2,00	1	0,00	0				
006	1427063		TITANIO 5/16"		135,31		14-07-2018	2,00		2,00	1	0,00	0				
006	1429025		MADERA 6PZ ESPADA		48,96		18-04-2018	1,00		1,00	1	0,00	0				
006	1430025		SET SIERRA COPA 5PZ		419,81		14-07-2018	1,00		1,00	1	0,00	0				
006	1430049		COPA MADERA 2-1/4"		229,81		17-07-2018	1,00		1,00	1	0,00	0				
006	1430051		COPA MADERA 3"		272,06		14-07-2018	2,00		2,00	1	0,00	0				
006	1430059		GUIA P/SIERRA COPA		116,31		14-07-2018	2,00		2,00	1	0,00	0				
006	1430127		PORTA PUNTA MAGNETIC		62,56		14-07-2018	1,00		1,00	1	0,00	0				
006	1433117		4 1/2"-1HP 800W/110V		1.640,56		13-06-2018	2,00		2,00	1	0,00	0				
006	1433129		ESM 4-1/2 850W 11000		2.231,25		22-09-2018	5,00		5,00	1	0,00	0				
006	1433132		ESMERIL BANCO 6		3.135,56		13-06-2018	2,00		2,00	1	0,00	0				
006	1433133		ESMERILADORA 4 1/2		7.233,62		15-09-2018	5,00		5,00	1	0,00	0				
006	1435080		4-1/2" X 1/24" METAL		20,73		12-07-2018	5,00		5,00	1	0,00	0				
006	1435081		7" X 1/16" ACERO		125,86		15-09-2018	9,00		9,00	1	0,00	0				
006	1435083		7" X 1/16" MULTIPLE		314,66		15-09-2018	15,00		15,00	1	0,00	0				
006	1435153		DISCO CORTE 4 1/2"		188,79		15-09-2018	15,00		15,00	1	0,00	0				
006	1435158		ABRASIVO 4 1/2		209,48		06-09-2018	20,00		20,00	1	0,00	0				
006	1435159		ABRASIVO 7		424,14		06-09-2018	15,00		15,00	1	0,00	0				
006	1435160		ABRASIVO 14		1.166,38		06-09-2018	10,00		10,00	1	0,00	0				
006	1437071		TURBO 4 1/2"		724,14		15-09-2018	15,00		15,00	1	0,00	0				
006	1437072		SEGMENTADO 4 1/2"		677,59		15-09-2018	15,00		15,00	1	0,00	0				
006	1437073		CONTINUO 7"		1.701,72		15-09-2018	15,00		15,00	1	0,00	0				
006	1437074		TURBO 7"		276,06		10-07-2018	20,00		5,00	1	15,00	1		18,00		
006	1437075		SEGMENTADO 7"		284,56		12-07-2018	20,00		5,00	1	15,00	1		12,00		
006	1437076		CONTINUO 4 1/2"		614,66		15-09-2018	15,00		15,00	1	0,00	0				
006	1437097		CONTINUO  4 1/2		1.234,48		06-09-2018	5,00		5,00	1	0,00	0				
006	1437098		TURBO 4 1/2		1.511,21		06-09-2018	5,00		5,00	1	0,00	0				
006	1439063		LIJADORA BANDA 3X18		2.385,56		13-06-2018	2,00		2,00	1	0,00	0				
006	1439065		ORBITAL 250W		1.378,06		13-06-2018	2,00		2,00	1	0,00	0				
006	1441035		LIJA GRANO 120		16,06		20-07-2018	16,00		16,00	1	0,00	0				
006	1441122		LIJA GRANO 360		20,31		16-08-2018	108,00		8,00	1	100,00	1		100,00		
006	1441125		LIJA GRANO 220		27,98		13-09-2018	144,00		144,00	1	0,00	0		100,00		
006	1441126		LIJA GRANO 240		20,31		18-08-2018	276,00		76,00	1	200,00	1		250,00		
006	1441127		LIJA GRANO 320		20,31		18-08-2018	317,00		117,00	1	200,00	1		300,00		
006	1441128		LIJA GRANO 280		20,31		18-08-2018	131,00		131,00	1	0,00	0		100,00		
006	1441129		LIJA GRANO 100		36,25		06-09-2018	104,00		104,00	1	0,00	0		100,00		
006	1441135		LIJA GRANO 1200		36,25		20-09-2018	145,00		145,00	1	0,00	0		100,00		
006	1441136		LIJA GRANO 1500		36,25		05-09-2018	137,00		137,00	1	0,00	0		100,00		
006	1444069		SIERRA CALADORA 400W		1.493,06		13-06-2018	2,00		2,00	1	0,00	0				
006	1445026		HOJA U 2-3/4" 14TPI		66,93		14-07-2018	5,00		5,00	1	0,00	0				
006	1445027		HOJA U 2-3/4" 24TPI		66,93		14-07-2018	2,00		2,00	1	0,00	0				
006	1445068		HOJA CALADORA 2 3/4"		64,01		14-07-2018	2,00		2,00	1	0,00	0				
006	1450026		TRONZADORA 14		5.993,06		13-06-2018	2,00		2,00	1	0,00	0				
006	1451070		CIRCULAR 7-1/4		3.633,06		13-06-2018	2,00		2,00	1	0,00	0				
006	1453077		7-1 4 60DIENTES		428,56		14-07-2018	1,00		1,00	1	0,00	0				
006	1453078		7-1 4" 20DIENTES		296,81		14-07-2018	1,00		1,00	1	0,00	0				
006	1453079		7-1 4" 24DIENTES		444,56		14-07-2018	1,00		1,00	1	0,00	0				
006	1453080		7-1 4" 40DIENTES		510,56		14-07-2018	1,00		1,00	1	0,00	0				
006	1453125		DISCO SIERRA 7 1/4"		466,56		19-07-2018	1,00		1,00	1	0,00	0				
006	1462030		GASOLINA 52CC 1650W		10.910,56		13-06-2018	2,00		2,00	1	0,00	0				
006	1464012		3.5HP CORTE 20"		10.208,06		13-06-2018	2,00		2,00	1	0,00	0				
006	1603083		CINTA ELECTRICA ROJA		108,93		28-08-2018	61,00		61,00	2	0,00	0		40,00		
006	1603085		CINTA ELECTRICA 1/2"		68,51		11-09-2018	123,00		123,00	2	0,00	0		100,00		
006	1606010		EXTENSIÓN 1,80M		34,10		04-09-2018	25,00		20,00	2	5,00	1				
006	1606011		EXTENSIÓN 4,50M		109,05		11-09-2018	13,00		3,00	1	10,00	1				
006	1606013		EXTENSIÓN 2,70M		202,59		19-09-2018	10,00		10,00	1	0,00	0				
006	1606014		EXTENSIÓN 1,75M		193,75		28-08-2018	8,00		8,00	1	0,00	0				
006	1606015		EXTENSIÓN 3,60M		240,52		18-09-2018	10,00		10,00	1	0,00	0				
006	1606017		EXTENSIÓN 6,00M		356,25		25-08-2018	8,00		8,00	1	0,00	0				
006	1606018		EXTENSIÓN 6,00M		462,93		07-09-2018	10,00		10,00	1	0,00	0				
006	1606019		EXTENSIÓN 4M ST 2X18		100,06		13-08-2018	5,00		5,00	1	0,00	0				
006	1606020		EXTENSIÓN 12M ST2X18		819,65		21-09-2018	4,00		4,00	1	0,00	0				
006	1606024		EXTENSIÓN 2,70M		242,85		06-09-2018	9,00		9,00	1	0,00	0				
006	1606054		EXTENSIÓN 6M		88,14		13-09-2018	7,00		7,00	1	0,00	0				
006	1606107		SPT 2X18 4M		63,83		13-09-2018	3,00		3,00	1	0,00	0				
006	1606110		SPT 2X18 6.00M		550,90		10-09-2018	10,00		10,00	1	0,00	0				
006	1606114		EXTENSIÓN 4M		562,50		06-09-2018	7,00		7,00	1	0,00	0				
006	1606115		EXTENSIÓN 10M		1.272,32		24-08-2018	5,00		5,00	1	0,00	0				
006	1606176		EXTENSIÓN 4M		645,54		27-08-2018	5,00		5,00	1	0,00	0				
006	1612003		CONVERTIDOR EUROAMER		72,48		24-08-2018	5,00		5,00	1	0,00	0				
006	1612017		ADAPTADOR CON POLO		81,83		24-08-2018	7,00		7,00	1	0,00	0				
006	1612022		DOMESTICO PLANO BLAN		9,14		08-09-2018	3,00		3,00	1	0,00	0				
006	1612069		DOMESTICO ABRAZADERA		60,68		25-08-2018	13,00		13,00	1	0,00	0				
006	1612114		BIPOL C/ABRAZ TIERRA		641,96		31-08-2018	5,00		5,00	1	0,00	0				
006	1612119		BIPOLAR PLAST C/TIER		718,75		31-08-2018	3,00		3,00	1	0,00	0				
006	1612123		ADAPTADOR 3 A 2 NARA		264,29		31-08-2018	4,00		4,00	1	0,00	0				
006	1612133		DOMEST S/ABRAZADERA		53,13		24-08-2018	6,00		6,00	1	0,00	0				
006	1612153		INDUSTRIAL3X50PATA		30,33		04-09-2018	90,00		90,00	1	0,00	0		70,00		
006	1612175		ENCHUFE C/ABRAZADERA		80,49		06-09-2018	1,00		1,00	1	0,00	0				
006	1612365		SEMI INDUSTRIAL 15AM		73,54		26-08-2018	9,00		9,00	1	0,00	0				
006	1612369		SEMI INDUSTRIAL15AMP		73,07		24-08-2018	5,00		5,00	1	0,00	0				
006	1630048		INTERRUPTOR 2VÍAS		428,57		29-08-2018	3,00		3,00	1	0,00	0				
006	1630049		INTERRUPTOR 3 V AS		516,97		13-09-2018	2,00		2,00	1	0,00	0				
006	1630121		2 INTERRUPTORES 2VÍA		300,30		06-09-2018	2,00		1,00	1	1,00	1		1,00		
006	1630155		SENCILLO LARGO		274,14		04-09-2018	13,00		13,00	3	0,00	0		4,00		
006	1630156		INTERRUPTOR SENCILLO		250,86		04-09-2018	6,00		6,00	1	0,00	0		6,00		
006	1630157		DOBLE LARGO		353,45		05-09-2018	13,00		13,00	1	0,00	0		12,00		
006	1630158		INTERRUPTOR DOBLE		116,06		21-07-2018	12,00		2,00	1	10,00	1		10,00		
006	1630159		INTERRUPTOR TRIPLE		462,93		04-09-2018	7,00		7,00	1	0,00	0		4,00		
006	1630161		SENCILLO LARGO		316,38		04-09-2018	8,00		8,00	1	0,00	0		4,00		
006	1630162		INTERRUPTOR SENCILLO		282,76		05-09-2018	7,00		7,00	2	0,00	0		7,00		
006	1630163		DOBLE LARGO		420,69		04-09-2018	2,00		2,00	1	0,00	0		2,00		
006	1630164		INTERRUPTOR DOBLE		412,07		04-09-2018	3,00		3,00	1	0,00	0				
006	1630167		INTERRUPTOR SENCILLO		357,76		04-09-2018	19,00		19,00	2	0,00	0		19,00		
006	1630168		INTERRUPTOR DOBLE		483,62		06-09-2018	12,00		12,00	2	0,00	0		6,00		
006	1630170		INTERRUPTOR TRIPLE		597,41		04-09-2018	7,00		7,00	2	0,00	0		4,00		
006	1630292		SENCILLO LARGO		316,38		04-09-2018	6,00		6,00	1	0,00	0		2,00		
006	1630293		SENCILLO NEGRO		282,76		04-09-2018	6,00		6,00	1	0,00	0		2,00		
006	1630298		SENCILLO PLATA		116,06		21-07-2018	10,00		2,00	1	8,00	2		10,00		
006	1630299		DOBLE PLATA		483,62		04-09-2018	6,00		6,00	1	0,00	0		2,00		
006	1630302		SENCILLO DORADO		345,69		04-09-2018	8,00		8,00	1	0,00	0		4,00		
006	1630303		DOBLE DORADO		483,62		04-09-2018	4,00		4,00	1	0,00	0		4,00		
006	1630333		SENCILLO SERIE X		408,62		20-09-2018	1,00		1,00	1	0,00	0				
006	1630334		DOBLE SERIE X		546,55		04-09-2018	6,00		6,00	1	0,00	0		2,00		
006	1630341		INTERRUPTOR SENCILLO		140,80		04-09-2018	5,00		1,00	1	4,00	1		5,00		
006	1630342		INTERRUPTOR DOBLE		615,18		09-09-2018	10,00		10,00	1	0,00	0		6,00		
006	1630346		INTERRUPTOR DOBLE		415,18		30-08-2018	7,00		7,00	1	0,00	0		2,00		
006	1630373		TRES VIAS SENCILLO		300,00		30-08-2018	4,00		4,00	1	0,00	0				
006	1630382		INTERRUPTOR SENCILLO		508,93		06-09-2018	5,00		5,00	1	0,00	0				
006	1630383		INTERRUPTOR DOBLE		712,50		05-09-2018	10,00		10,00	1	0,00	0				
006	1630388		SENCILLO HUESO		622,32		31-08-2018	2,00		2,00	1	0,00	0				
006	1630389		DOBLE BLANCO HUESO		972,32		31-08-2018	6,00		6,00	2	0,00	0		3,00		
006	1630390		TRIPLE BLANCO HUESO		1.248,21		31-08-2018	3,00		3,00	1	0,00	0				
006	1630391		SENCILLO BLANCO		96,55		04-09-2018	5,00		5,00	1	0,00	0		2,00		
006	1630392		DOBLE BLANCO		458,03		16-09-2018	6,00		6,00	2	0,00	0		3,00		
006	1632039		1 MÓDULO NEGRO		361,60		20-09-2018	2,00		2,00	1	0,00	0				
006	1632040		2 MÓDULOS NEGRO		361,60		20-09-2018	1,00		1,00	1	0,00	0				
006	1632041		3 MÓDULOS NEGRO		102,05		20-09-2018	1,00		1,00	1	0,00	0				
006	1632042		1 MÓDULO ALUMINIO		24,53		18-08-2018	4,00		4,00	2	0,00	0				
006	1632043		2 MÓDULOS ALUMINIO		500,90		13-09-2018	2,00		2,00	2	0,00	0				
006	1632044		3 MÓDULOS ALUMINIO		141,56		19-08-2018	2,00		1,00	1	1,00	1				
006	1632045		1 MÓDULO CAVA		69,41		19-08-2018	3,00		1,00	1	2,00	2		2,00		
006	1632046		2 MÓDULOS CAVA		103,81		19-08-2018	2,00		2,00	1	0,00	0				
006	1632053		PLACA CIEGA NEGRO		91,30		24-08-2018	2,00		2,00	1	0,00	0				
006	1632054		PLACA CIEGA ALUMINIO		500,90		13-09-2018	2,00		2,00	2	0,00	0				
006	1632055		PLACA CIEGA CAVA		141,56		19-08-2018	3,00		3,00	2	0,00	0				
006	1632072		TAPA CIEGA BLANCA		127,59		04-09-2018	4,00		4,00	1	0,00	0				
006	1632073		TAPA CIEGA PLATA		193,97		04-09-2018	4,00		4,00	1	0,00	0				
006	1632106		PLACA TOMA DOBLE		48,73		05-09-2018	31,00		31,00	1	0,00	0		27,00		
006	1632142		TAPA CIEGA DECORATIV		282,76		04-09-2018	10,00		10,00	1	0,00	0				
006	1632147		TAPA CIEGA BLANCA		7,09		29-08-2018	66,00		66,00	1	0,00	0		40,00		
006	1632148		TAPA CIEGA BEIGE		2,06		11-08-2018	61,00		1,00	1	60,00	1		60,00		
006	1632149		TAPA TOMA SIMPLE BL		7,09		07-09-2018	6,00		6,00	1	0,00	0				
006	1632151		TAPA TOMA DOBLE BL		6,78		07-09-2018	118,00		118,00	1	0,00	0		80,00		
006	1632152		TAPA TOMA DOBLE BE		1,97		13-09-2018	120,00		120,00	1	0,00	0		120,00		
006	1632155		TAPA P/TOMA 270 BLAN		69,39		13-09-2018	10,00		10,00	1	0,00	0		10,00		
006	1632156		TAPA P/TOMA 270 MARF		14,98		27-06-2018	1,00		1,00	1	0,00	0				
006	1632179		TAPA CIEGA MARFIL		13,73		19-08-2018	3,00		3,00	1	0,00	0				
006	1632181		TAPA CIEGA BLANCA		13,73		02-08-2018	11,00		11,00	2	0,00	0		9,00		
006	1632184		TAPA P/TOMA 270 GALV		7,00		19-09-2018	19,00		19,00	1	0,00	0				
006	1632192		TAPA P/TOMA 270 BLN		21,83		04-08-2018	30,00		10,00	1	20,00	1		20,00		
006	1632194		CIEGA PUENT GALV BLN		72,37		24-08-2018	3,00		3,00	1	0,00	0				
006	1632195		CIEGA CAJETIN BLN		70,76		24-08-2018	20,00		20,00	1	0,00	0				
006	1632196		TAPA P/TOMA 270 MARF		71,56		06-09-2018	20,00		20,00	1	0,00	0				
006	1632198		CIEGA PUENT GALV MAR		72,37		26-08-2018	10,00		10,00	1	0,00	0				
006	1632199		CIEGA CAJETIN MARFIL		70,76		29-08-2018	10,00		10,00	1	0,00	0				
006	1632201		TAPA P/TOMA 270 CROM		308,03		06-09-2018	20,00		20,00	1	0,00	0				
006	1632206		TAPA TOMA DOBLE		19,68		22-07-2018	1,00		1,00	1	0,00	0				
006	1632931		RECTANGULAR DOBLE		10,91		29-08-2018	50,00		50,00	1	0,00	0		50,00		
006	1636091		DOBLE 2POLOS+TIERRA		165,30		16-09-2018	10,00		10,00	1	0,00	0		10,00		
006	1636092		TOMA MÁS INTERRUPTOR		700,00		17-09-2018	2,00		2,00	1	0,00	0				
006	1636095		TOMA RJ45		990,18		29-08-2018	2,00		2,00	1	0,00	0				
006	1636099		TOMA MÁS INT 2 VÍAS		933,04		29-08-2018	2,00		2,00	1	0,00	0				
006	1636102		TOMA DOBLE 2P+TIERRA		819,65		16-09-2018	1,00		1,00	1	0,00	0				
006	1636108		TOMA 2POLOS+TIERRA		157,56		19-08-2018	2,00		1,00	1	1,00	1				
006	1636109		TOMA 2POLOS+T DOBLE		819,65		13-09-2018	2,00		2,00	2	0,00	0				
006	1636117		TOMA COAXIAL TV		661,60		05-09-2018	2,00		2,00	1	0,00	0				
006	1636147		POLO A TIERRA 15AMP		98,30		27-08-2018	15,00		15,00	1	0,00	0				
006	1636153		TOMA 2 POLOS		12,53		17-08-2018	26,00		16,00	1	10,00	1		22,00		
006	1636154		TOMA DOBLE CON TIERR		306,90		05-09-2018	25,00		25,00	1	0,00	0		20,00		
006	1636155		TOMA PARA TV		206,90		04-09-2018	13,00		13,00	1	0,00	0		8,00		
006	1636156		TOMA TELEFONO RJ11		261,21		04-09-2018	10,00		10,00	1	0,00	0		4,00		
006	1636159		TOMA MAS INTERRUPTOR		303,45		04-09-2018	6,00		6,00	2	0,00	0				
006	1636160		TOMA CON TIERRA		256,90		07-09-2018	4,00		4,00	1	0,00	0				
006	1636161		TOMA DOBLE CON TIERR		99,30		21-09-2018	50,00		20,00	1	30,00	3		50,00		
006	1636162		TOMA PARA TV		249,14		11-09-2018	8,00		8,00	2	0,00	0		4,00		
006	1636165		TOMA MAS INTERRUPTOR		387,07		05-09-2018	5,00		5,00	2	0,00	0		2,00		
006	1636167		TOMA DOBLE		416,38		09-09-2018	3,00		3,00	1	0,00	0				
006	1636168		TOMA TRIPLE		483,62		04-09-2018	5,00		5,00	1	0,00	0				
006	1636169		TOMA CON TIERRA		350,00		04-09-2018	3,00		3,00	1	0,00	0		8,00		
006	1636170		TOMA DOBLE CON TIERR		440,52		04-09-2018	43,00		43,00	2	0,00	0		37,00		
006	1636171		TOMA PARA TV		395,69		04-09-2018	10,00		10,00	1	0,00	0				
006	1636296		DOBLE CON TIERRA		168,56		06-06-2018	21,00		18,00	1	3,00	1		18,00		
006	1636297		DOBLE MONOBLOCK		162,31		06-06-2018	12,00		12,00	1	0,00	0		24,00		
006	1636300		SENCILLO CON TIERRA		86,64		06-09-2018	8,00		8,00	1	0,00	0		6,00		
006	1636301		DOBLE CON TIERRA		129,06		22-09-2018	14,00		0,00	0	14,00	3		14,00		
006	1636306		TOMA DOBLE PLATA		429,31		04-09-2018	5,00		5,00	3	0,00	0		2,00		
006	1636308		DOBLE CON TIERRA		148,06		16-07-2018	32,00		2,00	1	30,00	4		36,00		
006	1636313		TOMA DOBLE DORADO		429,31		04-09-2018	6,00		6,00	1	0,00	0				
006	1636315		DOBLE CON TIERRA		440,52		04-09-2018	1,00		1,00	1	0,00	0				
006	1636358		TOMA MAS INTERRUPTOR		512,07		04-09-2018	4,00		4,00	1	0,00	0				
006	1636360		DOBLE C/TIERRA		180,81		18-08-2018	15,00		15,00	3	0,00	0		15,00		
006	1636361		DOBLE C/TIERRA 2 USB		1.481,90		04-09-2018	1,00		1,00	1	0,00	0				
006	1636365		TOMACORRIENTE DOBLE		799,10		16-09-2018	6,00		6,00	1	0,00	0		6,00		
006	1636368		TOMACORRIENTE DOBLE		452,68		30-08-2018	8,00		8,00	1	0,00	0		7,00		
006	1636369		TOMA PARA TV		279,47		11-09-2018	10,00		10,00	1	0,00	0				
006	1636371		INTERRUPTOR MAS TOMA		205,06		19-08-2018	5,00		5,00	1	0,00	0		5,00		
006	1636372		TOMA DOBLE 270 BLANC		43,86		24-07-2018	51,00		11,00	2	40,00	2		50,00		
006	1636373		TOMA DOBLE 270 MARFI		166,97		07-09-2018	-1,00		-1,00	1	0,00	0				
006	1636406		TOMA + INTERR BLANCO		432,76		04-09-2018	4,00		4,00	1	0,00	0				
006	1636454		TOMACORRIENTE DOBLE		1.024,11		30-08-2018	11,00		11,00	1	0,00	0		6,00		
006	1636460		TOMA SUPERFIC TRIPLE		14,98		17-08-2018	8,00		8,00	1	0,00	0		3,00		
006	1636472		AMERICANO DOBLE		1.085,71		31-08-2018	6,00		6,00	2	0,00	0				
006	1636473		DOBLE + T HUESO		908,93		31-08-2018	5,00		5,00	1	0,00	0				
006	1636474		2 POLOS+INTER HUESO		1.135,71		31-08-2018	6,00		6,00	2	0,00	0				
006	1636475		SENCILLA 2P+T BLANCA		298,21		29-08-2018	8,00		8,00	2	0,00	0		3,00		
006	1636476		DOBLE 2 P+T BLANCA		426,79		29-08-2018	6,00		6,00	1	0,00	0				
006	1636477		TOMA+INTERRUPTOR BLA		458,04		29-08-2018	9,00		9,00	2	0,00	0		3,00		
006	1639008		KIT ELÉCTRICO ESCOLA		81,68		06-09-2018	-1,00		-1,00	1	0,00	0				
006	1642030		AIRE ENCHUFABLE 220V		2.122,41		15-09-2018	1,00		1,00	1	0,00	0				
006	1642053		MULTIUSO ELECTRONICO		535,80		22-08-2018	1,00		1,00	1	0,00	0				
006	1642056		AIRE BORNERA 220V		819,06		20-06-2018	37,00		31,00	2	6,00	1		34,00		
006	1642116		AIRE ENCHUFABLE 220V		794,80		20-08-2018	2,00		2,00	1	0,00	0				
006	1642194		PROTECTOR DE NEVERA		1.133,93		20-09-2018	39,00		39,00	2	0,00	0		35,00		
006	1642195		EQUIPOS ELECTRONICOS		1.181,25		26-08-2018	8,00		8,00	1	0,00	0		4,00		
006	1642196		PROTECTOR LAVADORA		1.181,25		20-09-2018	18,00		18,00	1	0,00	0		13,00		
006	1642198		AIRE ENCHUFABLE 110		1.386,61		27-08-2018	9,00		9,00	1	0,00	0		5,00		
006	1642208		AIRE ENCHUFABLE 220		1.386,60		16-09-2018	14,00		14,00	3	0,00	0		9,00		
006	1642209		A/A 110V BORN-BORN		582,56		04-09-2018	16,00		1,00	1	15,00	1		16,00		
006	1642210		A/A 220V BORN-BORN		1.512,49		04-09-2018	6,00		6,00	1	0,00	0		4,00		
006	1662002		SOCATE GOMA E27		18,26		04-08-2018	151,00		1,00	1	150,00	1		150,00		
006	1662003		SOCATE INTEMPERIE		40,94		15-09-2018	96,00		96,00	1	0,00	0		50,00		
006	1662006		UREA E27 PATA L		20,47		07-09-2018	46,00		46,00	1	0,00	0				
006	1662008		BAQUELITA E27 NIPLE		20,47		11-09-2018	39,00		39,00	1	0,00	0				
006	1662009		UREA E27NIPLE BLANCO		20,47		11-09-2018	24,00		24,00	1	0,00	0				
006	1662033		RECEPTACULO UREA		40,94		04-09-2018	35,00		35,00	1	0,00	0				
006	1662066		BASE FLUORESCENTE		17,46		16-07-2018	9,00		9,00	1	0,00	0				
006	1662084		BALASTO CIRCULAR 32W		609,82		09-09-2018	1,00		1,00	1	0,00	0				
006	1662085		RECEPTACULO PLASTICO		19,65		29-08-2018	79,00		79,00	1	0,00	0		80,00		
006	1662088		RECEPTACULO 4,5"		11,81		24-07-2018	51,00		1,00	1	50,00	1		50,00		
006	1662091		RECEPTACULO PVC GD		215,18		30-08-2018	5,00		5,00	1	0,00	0				
006	1662092		RECEPTACULO PORCELAN		212,50		30-08-2018	6,00		6,00	1	0,00	0				
006	1662099		PLAFON 4" E27		490,18		31-08-2018	6,00		6,00	1	0,00	0				
006	1662103		RECEPTACULO 4"		149,11		24-08-2018	8,00		8,00	1	0,00	0				
006	1802003		POLIPROPILENO 5/16"		39,83		05-09-2018	330,00		330,00	1	0,00	0				
006	1802004		POLIPROPILENO 3/8"		52,72		05-09-2018	250,00		250,00	1	0,00	0				
006	1802005		POLIPROPILENO 7/16"		65,07		05-09-2018	200,00		200,00	1	0,00	0				
006	1802007		MECATE SISAL 3/16"		4,73		28-08-2018	503,00		503,00	1	0,00	0				
006	1804009		DRIZA BLANCA 3 MM		4,06		10-07-2018	6,00		6,00	1	0,00	0				
006	1804010		DRIZA BLANCA 4 MM		6,14		10-07-2018	51,50		51,50	1	0,00	0				
006	1804011		DRIZA BLANCA 5 MM		7,94		10-07-2018	41,50		41,50	1	0,00	0				
006	1806004		CORDEL SISAL 1X1,1KG		204,46		28-08-2018	6,00		6,00	1	0,00	0				
006	1810057		CADENA MAQUINA TORCI		82,21		17-07-2018	22,00		22,00	1	0,00	0				
006	1810073		CADENA OVAL NEGRO 10		73,48		17-07-2018	27,50		27,50	1	0,00	0				
006	1810074		CADENA OVAL BLANCO 1		73,48		17-07-2018	18,00		18,00	1	0,00	0				
006	1810075		CADENA OVAL ORO 10		84,38		17-07-2018	6,00		6,00	1	0,00	0				
006	1810080		GALVANIZADA 1 8		50,18		14-07-2018	30,00		30,00	1	0,00	0				
006	1812002		FORRADA 5MM		163,79		07-09-2018	1.649,00		1.649,00	1	0,00	0				
006	1814012		ALCAYATA CAJETIN		586,81		18-07-2018	4,00		4,00	2	0,00	0				
006	1816092		MOSQUETON SEGURIDAD		35,63		29-08-2018	23,00		23,00	1	0,00	0		22,00		
006	1816122		GANCHO OJO		28,68		16-09-2018	2,00		2,00	1	0,00	0				
006	1816123		OJO OJO		7,56		10-05-2018	9,00		9,00	1	0,00	0		5,00		
006	1816140		MOSQUETON SEGURIDAD		18,18		07-08-2018	13,00		13,00	1	0,00	0		10,00		
006	1818006		GALVANIZADA 1/2"		20,29		04-09-2018	10,00		10,00	1	0,00	0		10,00		
006	1818007		GALVANIZADA 3/4"		59,89		04-09-2018	9,00		9,00	1	0,00	0		7,00		
006	1818008		GALVANIZADA 3/8"		44,28		04-09-2018	11,00		11,00	1	0,00	0		8,00		
006	1818013		GALVANIZADA 5/8"		57,64		06-09-2018	18,00		18,00	1	0,00	0		15,00		
006	1818045		MOROCHAS 3/4"		41,48		11-07-2018	5,00		5,00	3	0,00	0				
006	1818051		MOROCHA 1/2		17,29		30-08-2018	4,00		4,00	1	0,00	0				
006	1822363		T/SIERRA 3D. PESADO		20,23		06-09-2018	5,00		1,00	1	4,00	1		4,00		
006	1826145		PATA CUADRADA 15 CM		195,56		19-08-2018	7,00		7,00	2	0,00	0		2,00		
006	1826153		ANGULO PLANO 1"		83,96		26-07-2018	4,00		4,00	1	0,00	0		1,00		
006	1826154		ANGULO PLANO 1 1/2"		55,46		12-06-2018	6,00		4,00	2	2,00	1		2,00		
006	1826155		ANGULO PLANO 2"		68,51		12-06-2018	6,00		2,00	1	4,00	1		4,00		
006	1826156		ANGULO PLANO 2 1/2"		509,82		08-09-2018	2,00		2,00	1	0,00	0				
006	1826157		ANGULO CANTO 1 1/2"		354,46		28-08-2018	3,00		3,00	1	0,00	0				
006	1826159		ANGULO CANTO 2"		439,28		14-09-2018	5,00		5,00	2	0,00	0				
006	1826161		ANGULO CANTO 2 1/2"		108,55		04-09-2018	3,00		3,00	2	0,00	0		2,00		
006	1826163		ANGULO CANTO 3"		624,10		08-09-2018	3,00		3,00	1	0,00	0				
006	1826165		ANGULO CANTO 1"		283,03		14-09-2018	1,00		1,00	1	0,00	0				
006	1826167		ANGULO PLANO 3"		65,01		05-06-2018	2,00		1,00	1	1,00	1		1,00		
006	1828027		IMAN 8 KG BLANCO		368,75		18-09-2018	4,00		4,00	1	0,00	0				
006	1830175		BURBUJA BOBINA 57X61		3.545,54		23-08-2018	2,00		2,00	2	0,00	0				
006	1832072		SOPORT ENTREPAÑO 3MM		105,06		11-07-2018	3,00		3,00	2	0,00	0				
006	1834238		ESTRIADO 1 1/2"		425,86		08-09-2018	6,00		6,00	1	0,00	0				
006	1834248		ESTRIADO 2"		613,79		08-09-2018	6,00		6,00	1	0,00	0				
006	1834256		ESTRIADO 2 1/2"		190,81		17-07-2018	2,00		2,00	1	0,00	0				
006	1836111		ACERO LISO 5/8"		176,72		18-09-2018	6,00		6,00	1	0,00	0				
006	1836112		ACERO LISO 3/4"		218,10		08-09-2018	5,00		5,00	1	0,00	0				
006	1836113		ACERO LISO 1"		230,17		08-09-2018	3,00		3,00	1	0,00	0				
006	1836114		ACERO LISO 1 1/4"		199,14		08-09-2018	6,00		6,00	1	0,00	0				
006	1836115		ACERO LISO 1 1/2"		212,93		08-09-2018	6,00		6,00	1	0,00	0				
006	1844017		BOLA BASE 1 1/2"		169,56		06-07-2018	5,00		5,00	1	0,00	0				
006	1844018		BOLA ESPIGA 1 1/2"		38,13		24-06-2018	7,00		5,00	2	2,00	1		5,00		
006	1844019		BOLA BASE 2"		217,31		08-07-2018	8,00		8,00	1	0,00	0				
006	1844033		PLANA CON BASE 3/4"		94,30		20-09-2018	16,00		16,00	2	0,00	0		15,00		
006	1844034		PLANA CON BASE 2"		263,81		04-07-2018	6,00		6,00	1	0,00	0				
006	1844035		NEUMATICA 10" 4LONAS		1.475,89		30-08-2018	4,00		4,00	1	0,00	0				
006	1844037		GARRUCHA PARA CLOSET		1.858,04		29-08-2018	2,00		2,00	1	0,00	0				
006	1844039		PLANA CON BASE 1 1/4		89,31		21-07-2018	3,00		3,00	2	0,00	0		2,00		
006	1844041		GIRATORIA 3"		478,57		30-08-2018	4,00		4,00	1	0,00	0				
006	1844043		GIRATORIA 4"		866,07		30-08-2018	4,00		4,00	1	0,00	0				
006	1844045		GIRATORIA 5"		1.066,07		30-08-2018	2,00		2,00	1	0,00	0				
006	1844047		GIRATORIA 6"		2.133,04		30-08-2018	2,00		2,00	1	0,00	0				
006	1844049		CONTINENTAL FIJA 3"		435,71		30-08-2018	4,00		4,00	1	0,00	0				
006	1844051		CONTINENTAL FIJA 4"		144,31		05-08-2018	3,00		1,00	1	2,00	1		2,00		
006	1844053		CONTINENTAL FIJA 5"		192,81		06-07-2018	2,00		1,00	1	1,00	1		1,00		
006	1844055		CONTINENTAL FIJA  6"		1.890,18		13-09-2018	1,00		1,00	1	0,00	0				
006	1844061		CONTINENTAL SUELTA 3		229,46		30-08-2018	1,00		1,00	1	0,00	0				
006	1844063		CONTINENTAL SUELTA 4		411,61		30-08-2018	6,00		6,00	1	0,00	0				
006	1844067		CONTINENTAL SUELTA 6		993,75		11-09-2018	1,00		1,00	1	0,00	0				
006	1844069		CONTINENTAL SUELTA 8		1.375,00		30-08-2018	1,00		1,00	1	0,00	0				
006	1844074		MACIZA 14"		708,56		15-07-2018	2,00		1,00	1	1,00	1		1,00		
006	1844231		GARRUCHA TIPO OLIMPI		730,31		11-08-2018	3,00		3,00	2	0,00	0				
006	1844235		MOROCHA PLACA 1 1/2"		103,55		31-08-2018	7,00		7,00	1	0,00	0				
006	1846023		GARRUCHA SENCILLA 1"		198,81		12-06-2018	3,00		2,00	2	1,00	1		2,00		
006	1846026		ROLDANA C/BASE 2 1/2		1.115,56		07-07-2018	2,00		2,00	2	0,00	0				
006	1846032		ROLDANA S/BASE 4"		2.218,06		30-07-2018	2,00		2,00	2	0,00	0		1,00		
006	1850001		PAN CRUZ 6 X 1"		142,85		04-09-2018	3,00		3,00	1	0,00	0				
006	1850002		PAN CRUZ 6 X 3/4"		143,10		06-09-2018	6,00		6,00	1	0,00	0				
006	1850003		PAN CRUZ 6 X 1/2"		142,85		04-09-2018	6,00		6,00	1	0,00	0				
006	1850004		PAN CRUZ 6 X 1 1/2"		142,85		04-09-2018	5,00		5,00	2	0,00	0				
006	1850005		PAN CRUZ 8 X 1"		142,85		04-09-2018	11,00		11,00	2	0,00	0				
006	1850006		PAN CRUZ 8 X 1 1/4"		142,85		04-09-2018	10,00		10,00	2	0,00	0				
006	1850008		PAN CRUZ 8 X 1/2"		142,85		04-09-2018	6,00		6,00	2	0,00	0				
006	1850009		PAN CRUZ 8 X 3/4"		142,85		04-09-2018	7,00		7,00	2	0,00	0				
006	1850010		PAN CRUZ 8 X 2"		142,85		06-09-2018	6,00		6,00	1	0,00	0				
006	1850011		PAN CRUZ 8 X 2 1/2"		142,85		16-09-2018	6,00		6,00	1	0,00	0				
006	1850012		PAN CRUZ 8 X 3"		142,85		09-09-2018	6,00		6,00	1	0,00	0				
006	1850014		PAN CRUZ 10 X 3/4"		142,85		04-09-2018	1,00		1,00	1	0,00	0				
006	1850015		PAN CRUZ 10 X 1"		142,85		04-09-2018	6,00		6,00	1	0,00	0				
006	1850016		PAN CRUZ 10 X 1 1/4"		142,85		04-09-2018	8,00		8,00	1	0,00	0				
006	1850021		PAN CRUZ 12 X 1 1/2"		142,85		04-09-2018	1,00		1,00	1	0,00	0				
006	1850023		PAN CRUZ 14 X 3/4"		142,85		04-09-2018	3,00		3,00	1	0,00	0				
006	1850027		PAN CRUZ 6 X 1 1/4"		142,85		04-09-2018	5,00		5,00	2	0,00	0				
006	1850063		PLANA CRUZ 6 X 1/2"		142,85		04-09-2018	5,00		5,00	2	0,00	0				
006	1850064		PLANA CRUZ 6 X 3/4"		142,85		04-09-2018	4,00		4,00	1	0,00	0				
006	1850068		PLANA CRUZ 8 X 1"		142,85		04-09-2018	6,00		6,00	2	0,00	0				
006	1850070		PLANA CRUZ 8 X 3/4"		142,85		04-09-2018	6,00		6,00	2	0,00	0				
006	1850071		PLANA CRUZ 8 X1 1/4"		142,85		04-09-2018	11,00		11,00	2	0,00	0				
006	1850072		PLANA CRUZ 8 X1 1/2"		142,85		04-09-2018	6,00		6,00	1	0,00	0				
006	1850076		PLANA CRUZ 10X1 1/4"		142,85		04-09-2018	6,00		6,00	2	0,00	0				
006	1850077		PLANA CRUZ 10X1 1/2"		142,85		04-09-2018	6,00		6,00	2	0,00	0				
006	1850079		PLANA CRUZ 12 X 1"		142,85		05-09-2018	4,00		4,00	2	0,00	0				
006	1850080		PLANA CRUZ 12X1 1/4"		142,85		04-09-2018	1,00		1,00	1	0,00	0				
006	1850194		TALADRANTE 8X1-1/4"		29,98		08-05-2018	6,00		6,00	1	0,00	0				
006	1850197		TALADRANTE 10 X 3/4"		62,13		04-09-2018	6,00		6,00	1	0,00	0				
006	1850198		TALADRANTE 10X1"		150,80		04-09-2018	6,00		6,00	1	0,00	0				
006	1850200		TALADRANTE 10X1-1/2"		40,36		08-05-2018	1,00		1,00	1	0,00	0				
006	1850207		TALADRANTE 14 X 3/4"		732,76		08-09-2018	6,00		6,00	1	0,00	0				
006	1850221		PLANA 8-32 X 1 1/2"		132,06		17-07-2018	4,00		4,00	1	0,00	0				
006	1850224		PLANA 10-24 X 3/4"		61,18		08-06-2018	7,00		1,00	1	6,00	1		6,00		
006	1850228		PLANA 10-24 X 2"		421,55		08-09-2018	6,00		6,00	1	0,00	0				
006	1850230		PLANA 1/4-20 X 1"		115,56		18-08-2018	6,00		6,00	1	0,00	0				
006	1850231		PLANA 1/4-20X 1 1/4"		126,31		28-07-2018	2,00		2,00	1	0,00	0				
006	1850234		PLANA 1/4-20X 2 1/2"		356,90		08-09-2018	6,00		6,00	1	0,00	0				
006	1850236		PAN 6-32 X 1"		87,93		19-06-2018	4,00		4,00	1	0,00	0				
006	1850240		PAN 8-32 X 1/2"		60,26		20-06-2018	1,00		1,00	1	0,00	0				
006	1850246		PAN 10-24 X 1/2"		64,26		08-06-2018	5,00		5,00	1	0,00	0				
006	1850247		PAN 10-24 X 3/4"		78,38		14-06-2018	5,00		5,00	1	0,00	0				
006	1850248		PAN 10-24 X 1"		72,28		14-06-2018	3,00		3,00	1	0,00	0				
006	1850252		PAN 1 4-20X 1/2"		128,06		17-07-2018	4,00		4,00	1	0,00	0				
006	1850253		PAN 1 4-20 X 1"		120,56		18-08-2018	4,00		4,00	1	0,00	0				
006	1850338		AUTOROSC PAN 6X1"		30,46		23-08-2018	5,00		5,00	2	0,00	0		2,00		
006	1850341		AUTOROSC PAN 8X3/4"		30,86		20-07-2018	20,00		20,00	2	0,00	0		10,00		
006	1850347		AUTORO PAN 10X1-1/2"		43,48		21-09-2018	1,00		1,00	1	0,00	0				
006	1852000		TORNILLO TIRADORES		249,81		25-07-2018	2,00		2,00	1	0,00	0				
006	1854000		DRYWALL 6X7/16 FINA		58,16		22-09-2018	6,00		0,00	0	6,00	1		6,00		
006	1854008		DRYWALL 6X1-1/4 FINA		241,38		08-09-2018	6,00		6,00	1	0,00	0				
006	1854009		DRYWALL 6X1-5/8 FINA		268,10		08-09-2018	6,00		6,00	1	0,00	0				
006	1854010		DRYWALL 6X2 FINA		291,38		08-09-2018	6,00		6,00	1	0,00	0				
006	1854011		DRYWALL 7X2-1/2 FINA		362,07		08-09-2018	5,00		5,00	1	0,00	0				
006	1854012		DRYWALL 8X2 FINA		371,55		08-09-2018	4,00		4,00	1	0,00	0				
006	1854014		DRYWALL 8X3 FINA		459,48		08-09-2018	6,00		6,00	1	0,00	0				
006	1854015		DRYWALL 6X3/4 GRUESA		210,34		08-09-2018	5,00		5,00	1	0,00	0				
006	1854017		DRYWALL6X1-1/4GRUESA		241,38		08-09-2018	6,00		6,00	1	0,00	0				
006	1854018		DRYWALL6X1-5/8GRUESA		268,10		08-09-2018	6,00		6,00	1	0,00	0				
006	1854020		DRYWALL 8X1  GRUESA		255,17		08-09-2018	5,00		5,00	1	0,00	0				
006	1854021		DRYWALL8X1-1/4GRUESA		268,10		08-09-2018	6,00		6,00	1	0,00	0				
006	1854022		DRYWALL8X1-1/2GRUESA		283,62		08-09-2018	5,00		5,00	1	0,00	0				
006	1854026		DRYWALL 10X2 GRUESA		418,10		08-09-2018	6,00		6,00	1	0,00	0				
006	1854027		DRYWALL10X2-1/2GRUES		495,69		08-09-2018	6,00		6,00	1	0,00	0				
006	1854028		DRYWALL 10X3 GRUESA		169,31		04-09-2018	2,00		2,00	1	0,00	0				
006	1857001		CIEGO 42, 1/8 X1/4"		120,53		04-09-2018	6,00		6,00	1	0,00	0				
006	1857002		CIEGO 43, 1/8X5/16"		120,53		04-09-2018	6,00		6,00	1	0,00	0				
006	1857007		CIEGO 52, 5/32X1/4"		120,53		04-09-2018	6,00		6,00	2	0,00	0				
006	1857008		CIEGO 53, 5/32X5/16		120,53		04-09-2018	7,00		7,00	2	0,00	0				
006	1857009		CIEGO 54, 5/32X3/8"		120,53		04-09-2018	6,00		6,00	2	0,00	0				
006	1857010		CIEGO 56, 5/32X1/2"		120,53		04-09-2018	9,00		9,00	2	0,00	0				
006	1857011		CIEGO 58, 5/32X5/8"		120,53		04-09-2018	5,00		5,00	2	0,00	0				
006	1857012		CIEGO 62, 3 /16X1/4"		120,53		04-09-2018	6,00		6,00	2	0,00	0				
006	1857013		CIEGO 64, 3/16X3/8"		120,53		04-09-2018	7,00		7,00	2	0,00	0				
006	1857014		CIEGO 66, 3 16X1 2"		120,53		04-09-2018	10,00		10,00	1	0,00	0				
006	1857015		CIEGO 68, 3/16X5/8"		120,53		04-09-2018	12,00		12,00	2	0,00	0				
006	1858002		ARMELLA 3/16"CERRADA		11,36		04-09-2018	1,00		1,00	1	0,00	0				
006	1858017		ALCAYATA L 2"		29,16		20-07-2018	2,00		2,00	1	0,00	0				
006	1858026		ALCAYATA 1 5/8" OJO		143,31		17-07-2018	2,00		2,00	1	0,00	0				
006	1858028		ALCAYATA 2" OJO		356,90		08-09-2018	6,00		6,00	1	0,00	0				
006	1858035		ALCAYATA L 2"		380,17		08-09-2018	6,00		6,00	1	0,00	0				
006	1858164		ALCAYATA L 2" CROMO		29,16		20-07-2018	2,00		2,00	1	0,00	0				
006	1858168		ARMELLA 3/8" CERRADA		19,08		20-07-2018	1,00		1,00	1	0,00	0				
006	1862076		HEXAGONAL 3/8"		92,31		22-07-2018	7,00		7,00	2	0,00	0				
006	1862078		HEXAGONAL 1/2"		100,56		17-07-2018	5,00		5,00	1	0,00	0				
006	1862079		HEXAGONAL 5/8"		28,03		08-05-2018	6,00		6,00	1	0,00	0				
006	1866062		ARANDELA PLANA 3/16"		244,83		18-09-2018	6,00		6,00	1	0,00	0				
006	1870001		RAMPLUG PVC ROJO 100		56,35		04-09-2018	8,00		8,00	1	0,00	0		4,00		
006	1870004		RAMPLUG VERDE 100		84,75		08-09-2018	41,00		41,00	1	0,00	0		35,00		
006	1870005		RAMPLUG PVC VERDE 25		7,01		22-09-2018	56,00		6,00	1	50,00	1		45,00		
006	1870009		RAMPLUG PVC AZUL 100		119,65		04-09-2018	24,00		24,00	2	0,00	0		20,00		
006	1870010		RAMPLUG PVC AZUL 25		34,27		11-09-2018	23,00		23,00	2	0,00	0		5,00		
006	1870011		RAMPLUG NARANJA 12		31,72		15-09-2018	14,00		14,00	1	0,00	0		10,00		
006	1870012		RAMPLUG NARANJA 100		217,85		04-09-2018	12,00		12,00	2	0,00	0		10,00		
006	1870013		RAMPLUG PVC GRIS 6		10,11		04-09-2018	16,00		1,00	1	15,00	2		15,00		
006	1870021		ANCLAJE 5/16"X1 1/2"		138,80		06-09-2018	16,00		1,00	1	15,00	1		15,00		
006	1870022		ANCLAJE3/8" X 1 7/8"		131,80		31-08-2018	19,00		19,00	1	0,00	0		15,00		
006	1870023		ANCLAJE 1/2"X 3"		83,41		28-07-2018	23,00		23,00	2	0,00	0				
006	1874001		CAJA RAMPLUG VERDE		935,72		04-09-2018	2,00		2,00	1	0,00	0				
006	1874002		CAJA DE RAMPLUG AZUL		935,72		04-09-2018	1,00		1,00	1	0,00	0				
006	1874003		CAJA RAMPLUG NARANJA		935,72		04-09-2018	3,00		3,00	2	0,00	0				
006	1874004		CAJA RAMPLUG SURTIDO		935,72		04-09-2018	2,00		2,00	1	0,00	0				
006	1874009		JGO RAMPLUG NARANJA		196,43		04-09-2018	9,00		9,00	2	0,00	0		5,00		
006	1874011		JGO RAMPLUG VERDE		167,85		08-09-2018	15,00		15,00	1	0,00	0		10,00		
006	1874012		JGO RAMPLUG AZUL		249,11		04-09-2018	3,00		3,00	1	0,00	0				
006	1906074		ANTICIZALLA 70MM		3.024,11		29-08-2018	2,00		2,00	1	0,00	0				
006	1918102		POMO CON LLAVE		1.220,69		04-09-2018	2,00		2,00	1	0,00	0				
006	1918210		POMO METALICO INOX.		2.454,46		29-08-2018	2,00		2,00	1	0,00	0				
006	1918221		CERRADURA C/LLAVE		1.032,14		23-08-2018	2,00		2,00	1	0,00	0				
006	1921062		CERRADURA DE MANILLA		2.257,76		04-09-2018	2,00		2,00	1	0,00	0				
006	1921070		MANIJA 2LLAV PICAPOR		568,75		28-08-2018	1,00		1,00	1	0,00	0				
006	1927058		MANIJA S/LLAV P 60MM		559,82		28-08-2018	1,00		1,00	1	0,00	0				
006	1933076		CERROJO C/P PLATA		1.770,69		04-09-2018	2,00		2,00	1	0,00	0				
006	1933104		CERROJO CILIN/PERILL		1.423,21		23-08-2018	1,00		1,00	1	0,00	0				
006	1933105		CERROJO CILIN/CILIN		1.648,21		23-08-2018	3,00		3,00	1	0,00	0				
006	1937094		MANILLA CAR CROMADA		740,18		30-08-2018	2,00		2,00	1	0,00	0				
006	1937095		MANILLA CAR CRO. F/M		246,05		04-09-2018	3,00		1,00	1	2,00	1		2,00		
006	1937096		MANILLA P/RECTA CROM		696,43		30-08-2018	2,00		2,00	1	0,00	0				
006	1937099		MANILLA ROSETA ALUM.		491,07		07-09-2018	2,00		2,00	1	0,00	0				
006	1937100		MANILLA F/M ALUM.		541,97		06-09-2018	2,00		2,00	1	0,00	0				
006	1939010		PERA 25MM NIQUEL 1P		1.093,06		12-08-2018	2,00		2,00	1	0,00	0				
006	1939088		EMBUTIR 25MM ACERO		3.015,18		29-08-2018	2,00		2,00	1	0,00	0				
006	1939089		EMBUTIR 35MM ACERO		3.150,89		29-08-2018	2,00		2,00	1	0,00	0				
006	1939090		EMBUTIR 45MM ACERO		3.249,11		29-08-2018	2,00		2,00	1	0,00	0				
006	1939091		EMBUTIR 60MM ACERO		3.493,75		29-08-2018	2,00		2,00	1	0,00	0				
006	1939097		HEMBRILLA ELECT 12V		2.583,04		30-08-2018	10,00		10,00	1	0,00	0				
006	1942015		CILIND FIJO DER VERD		1.220,55		29-08-2018	3,00		3,00	1	0,00	0				
006	1942029		DIENTE PERRO SUELTO		1.560,56		14-08-2018	3,00		3,00	1	0,00	0				
006	1945059		CILINDRO GAVETA 22MM		458,93		29-08-2018	4,00		4,00	1	0,00	0				
006	1945062		CILINDRO GATER 60MM		1.209,82		23-08-2018	6,00		6,00	1	0,00	0				
006	1954067		ZOCALO NATURAL		1.188,79		11-09-2018	9,00		9,00	1	0,00	0				
006	1957226		BISAGRA 3X3" DORADO		350,89		29-08-2018	3,00		3,00	1	0,00	0				
006	1957227		BISAGRA 3X3" ACERO		421,43		29-08-2018	6,00		6,00	2	0,00	0				
006	1957228		BISAGRA 3X3"X1.6MM		387,50		29-08-2018	3,00		3,00	1	0,00	0				
006	1957229		BISAGRA 3X3"X2.0MM		561,61		29-08-2018	3,00		3,00	1	0,00	0				
006	1957230		BISAGRA 3X3"X1.6MM		394,64		29-08-2018	3,00		3,00	1	0,00	0				
006	1957231		BISAGRA 3X3"X2.0MM		482,14		29-08-2018	3,00		3,00	2	0,00	0				
006	1957233		BISAGRA 3X3"X2.0MM		616,97		05-09-2018	3,00		3,00	1	0,00	0				
006	1957234		BISAGRA 3X3"X1.6MM		516,07		29-08-2018	3,00		3,00	1	0,00	0				
006	1957235		BISAGRA 3X3"X2.0MM		644,64		29-08-2018	3,00		3,00	1	0,00	0				
006	1957236		BISAGRA 3X3"X1.6MM		523,21		29-08-2018	9,00		9,00	2	0,00	0				
006	1957237		BISAGRA 3X3"X2.0MM		766,07		29-08-2018	6,00		6,00	2	0,00	0				
006	1957245		GALV 2 1/2" X 2 1/2"		249,14		05-09-2018	3,00		3,00	1	0,00	0				
006	1957248		GALV 2X2		187,93		05-09-2018	3,00		3,00	1	0,00	0				
006	1960016		ARMILLAR 2"		98,72		05-09-2018	5,00		5,00	1	0,00	0		4,00		
006	1960017		ARMILLAR 3"		112,07		10-09-2018	6,00		6,00	1	0,00	0		5,00		
006	1960021		BISAGRA ARMILLAR 4"		202,59		05-09-2018	3,00		3,00	1	0,00	0		2,00		
006	2703000		PROTECTOR PARA TOMA		14,73		11-09-2018	14,00		14,00	1	0,00	0				
006	2705021		EMERGENCIA 33 LEDS		485,31		04-08-2018	5,00		5,00	1	0,00	0		4,00		
006	2715092		3LED ANTIGOLPE		174,05		29-08-2018	21,00		5,00	1	16,00	1		16,00		
006	2715099		LINTERNA 9 LED NEGRA		360,71		29-08-2018	2,00		2,00	1	0,00	0		1,00		
006	2715106		LINTERNA MULTIUSO		831,25		04-09-2018	2,00		2,00	1	0,00	0		1,00		
006	2719055		ULTRA ALCALINA AAAX4		248,28		19-09-2018	41,00		41,00	2	0,00	0		42,00		
006	2719057		ULTRA ALCALINA DX2		565,52		07-09-2018	6,00		6,00	1	0,00	0				
006	2719065		ULTRA ALCALINA AAX2		137,93		18-09-2018	29,00		29,00	1	0,00	0				
006	2719066		ULTRA ALCALINA AAAX2		44,83		19-08-2018	4,00		4,00	1	0,00	0				
006	2719079		PILA 3V CR2032 X 1		64,82		05-09-2018	14,00		14,00	1	0,00	0				
006	2719087		AAX2 HEAVY DUTY		31,18		19-09-2018	57,00		57,00	1	0,00	0		48,00		
006	2719088		AAAX2 SUPER HEAVY M		20,78		21-09-2018	167,00		35,00	3	132,00	1		156,00		
006	2719090		XTRALIFE AAAX2		108,93		29-08-2018	19,00		19,00	1	0,00	0				
006	2719096		AAX2 SUPER HEAVY		29,78		19-09-2018	45,00		45,00	1	0,00	0		24,00		
006	2719097		AAAX2 SUPER HEAVY		29,78		10-09-2018	6,00		6,00	1	0,00	0				
006	2730015		10" GUANTE CARNAZA		544,64		25-08-2018	14,00		14,00	2	0,00	0				
006	2730016		14" GUANTE CARNAZA		1.062,50		20-09-2018	6,00		6,00	1	0,00	0				
006	2730017		16" GUANTE CARNAZA		114,80		22-09-2018	8,00		0,00	0	8,00	2		8,00		
006	2730019		GUANTE VAQUETA		1.008,04		25-08-2018	7,00		7,00	1	0,00	0				
006	2730020		GUANTE PETROLERO		80,73		18-09-2018	3,00		3,00	1	0,00	0				
006	2730021		GUANTE TEJIDO PUNTOS		25,81		14-08-2018	55,00		55,00	2	0,00	0		50,00		
006	2730023		GUANTE DE NITRILO		525,00		05-09-2018	4,00		4,00	1	0,00	0				
006	2732009		CASCO NORM BLANCO		632,76		12-09-2018	5,00		5,00	1	0,00	0				
006	2732016		CASCO DUROVEN AZUL		474,14		12-09-2018	5,00		5,00	1	0,00	0				
006	2732017		CASCO DUROVEN ROJO		394,64		31-08-2018	5,00		5,00	2	0,00	0				
006	2732018		CASCO DUROVEN A		394,64		31-08-2018	3,00		3,00	1	0,00	0				
006	2734007		CHALECO VERDE REF		366,07		30-08-2018	7,00		7,00	1	0,00	0				
006	2734009		IMPERMEABLE PONCHO		248,05		27-08-2018	4,00		4,00	1	0,00	0				
006	2734013		DELANTAL DE PVC		220,56		15-08-2018	2,00		2,00	1	0,00	0				
006	2736003		LENTE CLARO CLASICO		54,46		18-07-2018	17,00		17,00	2	0,00	0				
006	2736019		VIDRIO TRANSPARENTE		0,96		09-05-2018	24,00		24,00	1	0,00	0		23,00		
006	2736024		LENTES CLAROS		288,40		08-09-2018	11,00		11,00	2	0,00	0				
006	2740007		#39 NEGRO FLOR		993,06		11-07-2018	1,00		1,00	1	0,00	0				
006	2740008		#40 NEGRO FLOR		993,06		11-07-2018	2,00		2,00	1	0,00	0				
006	2740009		#42 NEGRO FLOR		993,06		11-07-2018	3,00		3,00	1	0,00	0				
006	2740010		#43 NEGRO FLOR		993,06		11-07-2018	4,00		4,00	1	0,00	0				
006	2740011		#41 SOLDADOR		923,06		16-06-2018	4,00		4,00	1	0,00	0				
006	2740012		#42 SOLDADOR		923,06		04-07-2018	3,00		3,00	1	0,00	0				
006	2740013		#43 SOLDADOR		923,06		16-06-2018	4,00		4,00	1	0,00	0				
006	2740014		NEGRO #37		903,06		27-07-2018	2,00		0,00	0	2,00	2				
006	2740015		NEGRO #39		3.646,43		19-09-2018	2,00		2,00	1	0,00	0				
006	2740016		NEGRO #40		3.646,43		31-08-2018	2,00		2,00	1	0,00	0				
006	2740017		NEGRO #42		3.646,43		31-08-2018	2,00		2,00	1	0,00	0				
006	2740027		#41 NEGRO FLOR		993,06		11-07-2018	3,00		3,00	1	0,00	0				
006	2740028		#44 NEGRO FLOR		993,06		11-07-2018	3,00		3,00	1	0,00	0				
006	2740029		#44 SOLDADOR		923,06		04-07-2018	3,00		3,00	1	0,00	0				
006	2740030		NEGRO #38		3.646,43		19-09-2018	2,00		2,00	1	0,00	0				
006	2740031		NEGRO #41		3.646,43		04-09-2018	2,00		2,00	1	0,00	0				
006	2740032		NEGRO #43		3.646,43		31-08-2018	2,00		2,00	1	0,00	0				
006	2740033		NEGRO #44		903,06		26-07-2018	2,00		0,00	0	2,00	2				
006	2740044		#40 MARRON FLOR		1.098,06		11-07-2018	2,00		2,00	1	0,00	0				
006	2740048		#44 MARRON FLOR		1.098,06		11-07-2018	1,00		1,00	1	0,00	0				
006	2740051		#39 MARRON FLOR		1.098,06		11-07-2018	2,00		2,00	1	0,00	0				
006	2776003		VIA ESCAPE IZQUIERDA		200,90		21-09-2018	6,00		6,00	1	0,00	0				
006	2776004		VIA ESCAPE DERECHA		58,61		22-09-2018	12,00		0,00	0	12,00	1				
006	2776008		SALIDA DE EMERGENCIA		200,90		04-09-2018	4,00		4,00	1	0,00	0				
006	2776009		EMPUJE HALE		124,10		19-09-2018	5,00		5,00	1	0,00	0				
006	2776010		PROHIBIDO FUMAR		46,91		29-08-2018	7,00		1,00	1	6,00	1				
006	2776021		EXTINTOR DE INCENDIO		200,90		14-09-2018	1,00		1,00	1	0,00	0				
006	2776025		MANTENER AREA LIMPIA		200,89		29-08-2018	6,00		6,00	1	0,00	0				
006	2776028		PELIGRO ALTO VOLTAJE		200,90		13-09-2018	3,00		3,00	1	0,00	0				
006	2776035		SANITARIOS PEQUENO		124,11		29-08-2018	4,00		4,00	1	0,00	0				
006	2776036		DAMAS PEQUENO		124,11		29-08-2018	6,00		6,00	1	0,00	0				
006	2776037		CABALLEROS PEQUENO		29,43		15-08-2018	8,00		2,00	1	6,00	1				
006	2776040		ABIERTO/CERRADO		200,90		13-09-2018	6,00		6,00	1	0,00	0				
006	2776045		EXTINTOR DE INCENDIO		200,90		13-09-2018	6,00		6,00	1	0,00	0				
006	2776061		NO PASE SOLO PERSONA		46,91		17-09-2018	6,00		6,00	1	0,00	0				
006	2776065		NO FUMAR ADHESIVA		61,47		29-08-2018	11,00		11,00	1	0,00	0				
006	2776070		NO PASE AUTOADHESIVA		61,47		19-09-2018	6,00		6,00	1	0,00	0				
006	2776071		RIESGO AUTOADHESIVO		61,47		04-09-2018	9,00		9,00	1	0,00	0				
006	2776072		TABLERO AUTOADHESIVA		61,47		04-09-2018	9,00		9,00	1	0,00	0				
006	2776077		100% LIBRE DE HUMO		288,30		26-08-2018	5,00		1,00	1	4,00	2				
006	2776122		SEGUR VIAL ADHESIVA		57,28		22-07-2018	16,00		4,00	1	12,00	1				
